300
9 26 38
7 36 47
4 52 61
9 82 94
2 96 106
10 19 38
1 72 80
8 57 75
3 13 24
3 13 18
10 52 66
10 24 34
3 87 92
3 1 6
10 48 61
6 93 102
3 26 29
6 52 59
4 86 98
1 59 61
5 14 27
3 31 42
1 89 98
1 91 99
3 77 85
6 35 45
3 83 95
4 20 33
6 5 19
8 47 62
7 53 69
1 23 25
5 11 16
4 42 54
1 2 12
9 29 43
6 48 61
10 0 14
1 31 35
4 29 35
9 33 47
6 82 92
1 89 90
1 45 47
9 94 110
1 23 24
10 57 69
4 27 40
10 42 54
10 18 31
4 38 43
9 57 75
10 62 72
6 84 90
1 32 33
8 7 16
9 5 23
7 85 94
3 30 40
9 86 105
7 84 98
5 41 51
6 86 102
4 46 57
6 4 14
10 80 90
6 89 99
8 32 47
4 90 98
6 15 23
8 41 52
3 70 77
5 67 76
7 92 102
6 9 22
6 64 77
2 68 80
7 74 86
6 23 29
3 14 27
5 87 98
7 67 79
5 80 94
8 57 73
4 45 50
10 38 48
2 34 41
5 14 24
9 84 103
10 54 71
7 83 99
1 54 64
4 97 104
7 96 110
9 43 54
2 9 19
9 86 96
4 67 75
1 18 29
3 55 66
9 66 85
7 62 75
7 82 90
2 76 82
1 94 103
10 83 93
1 30 40
6 91 103
3 42 49
5 57 67
1 90 92
6 58 72
8 8 23
4 67 75
9 41 58
7 61 75
2 72 78
6 83 98
2 59 68
6 26 35
2 85 93
6 35 50
7 99 116
2 4 8
2 40 43
10 95 105
3 94 101
7 65 78
5 85 99
4 30 38
10 72 89
3 76 81
6 36 45
8 34 52
5 100 114
9 84 95
8 41 56
10 74 94
6 11 25
2 68 74
8 44 61
7 68 82
3 35 39
7 27 39
2 63 75
8 37 50
9 20 39
2 16 20
2 98 106
10 54 74
5 8 21
4 54 65
4 9 20
2 65 67
2 8 16
3 81 88
6 59 70
4 84 90
9 0 12
8 54 66
2 7 16
4 61 72
10 99 112
10 17 30
10 76 86
7 64 77
2 61 71
9 89 101
1 16 26
10 54 74
10 11 22
7 27 39
10 18 36
1 75 78
4 70 79
7 0 12
2 92 101
5 96 106
7 22 31
8 49 61
3 12 22
4 62 67
6 6 14
5 58 70
7 18 35
5 98 108
3 11 16
1 31 40
6 73 83
6 5 21
8 38 53
8 63 80
8 54 65
5 9 20
10 17 32
3 93 105
1 0 1
3 27 39
9 17 34
6 52 67
3 19 28
6 4 16
10 46 58
10 29 39
7 99 107
4 34 43
9 12 29
4 93 98
2 30 36
8 33 43
10 4 19
6 0 12
8 27 35
5 52 65
2 93 100
3 84 88
5 93 99
9 53 68
10 94 113
1 51 60
9 2 12
2 39 46
2 49 52
6 70 78
6 96 103
1 30 38
5 83 88
7 85 94
2 73 82
6 34 50
2 51 58
4 56 69
9 60 75
4 57 71
2 34 39
10 12 28
2 70 78
8 30 47
8 15 33
1 57 63
2 100 105
10 61 73
5 26 31
10 24 43
4 8 18
1 100 111
5 30 44
5 81 86
9 6 25
2 98 102
7 9 16
6 98 104
8 51 59
4 29 35
1 15 20
8 46 61
5 43 48
4 35 40
4 77 81
4 16 26
2 81 92
3 12 16
5 26 41
5 88 101
5 43 51
8 97 113
9 24 42
9 45 63
3 13 21
10 80 100
10 90 108
4 35 42
5 96 111
9 20 33
5 82 88
9 8 20
3 58 63
4 50 54
7 22 35
2 22 27
10 44 56
2 91 93
2 52 55
3 86 96
2 41 52
10 73 90
1 7 11
8 64 74
8 8 20
8 87 97
6 25 38
8 31 40
6 43 55
5 45 59
9 63 75
7 15 26
2 45 52
8 91 105
7 3 10
8 85 97
