400
10 33 46
1 42 44
10 37 55
6 3 19
2 91 95
3 37 40
8 92 102
3 79 88
7 10 17
2 37 40
9 10 28
9 86 97
1 5 7
4 30 42
8 1 11
7 7 22
1 37 44
1 48 57
6 14 22
5 5 20
6 69 77
2 74 78
8 27 35
5 57 71
8 89 106
4 68 79
7 66 78
1 95 97
10 46 60
8 99 117
6 38 46
9 38 54
3 48 55
5 29 40
9 58 76
5 79 89
3 45 53
7 42 53
3 45 54
3 53 66
8 32 41
9 70 83
5 94 99
10 43 61
9 25 39
2 79 82
9 72 91
3 30 41
4 48 62
3 89 100
5 32 47
3 41 48
5 67 73
3 50 56
10 44 62
6 96 105
5 19 27
2 78 87
4 21 28
6 12 28
3 91 98
3 14 18
7 32 45
8 37 49
2 14 17
2 91 99
7 57 65
9 87 101
9 65 78
2 30 41
4 46 51
2 96 98
5 44 50
6 73 82
10 48 65
2 60 66
5 59 73
1 18 23
6 52 58
1 95 100
6 35 45
2 47 53
3 88 91
3 79 86
2 39 51
8 47 55
1 39 42
1 87 88
4 78 82
8 24 34
3 83 96
1 21 22
3 13 24
10 22 35
9 81 91
8 50 60
9 73 87
6 46 52
1 36 37
8 82 97
5 19 25
1 73 84
1 94 95
8 66 80
10 42 61
2 13 16
6 89 101
1 59 61
9 16 31
7 84 100
7 9 17
3 42 53
4 88 102
8 22 40
3 93 104
9 88 99
1 17 21
9 10 28
7 55 65
9 40 54
2 89 99
7 85 101
8 77 90
7 0 17
9 32 48
3 64 73
1 94 96
7 39 55
10 31 42
8 46 61
8 18 26
3 88 93
8 17 27
7 63 74
10 36 48
1 91 102
9 54 64
7 99 116
5 94 107
7 26 38
5 57 69
9 92 107
5 30 38
10 35 47
7 15 28
7 32 40
1 56 57
8 45 55
5 21 29
1 43 52
6 30 43
10 64 83
3 21 31
8 42 56
4 46 55
7 50 61
3 57 64
4 63 76
10 60 77
10 76 91
2 3 6
10 31 49
4 87 98
1 31 40
8 82 93
1 47 52
1 41 44
7 97 108
3 23 27
8 5 13
6 35 41
9 58 71
8 52 65
6 45 52
10 80 95
1 29 32
2 25 30
4 41 50
2 20 25
7 87 98
9 36 45
3 73 82
6 29 44
6 32 41
4 22 36
5 27 39
6 37 52
10 15 32
9 82 98
6 93 100
1 60 69
3 84 89
3 67 79
5 88 93
7 1 17
7 11 23
8 7 18
6 38 52
6 60 71
9 75 84
8 53 70
2 40 52
3 44 51
7 59 69
4 89 94
3 31 36
7 1 10
10 57 70
1 98 107
3 57 63
7 27 40
5 11 17
5 34 42
1 54 56
7 39 50
7 55 70
4 93 106
6 87 95
8 80 92
10 56 70
8 4 20
2 87 90
4 22 36
5 74 79
9 96 113
9 58 70
6 23 36
3 3 15
3 78 85
8 68 77
10 67 86
7 75 91
6 35 43
8 65 74
9 15 32
4 78 90
5 40 48
9 16 28
9 99 116
3 68 78
6 7 18
9 66 75
10 5 24
3 97 102
6 35 50
10 30 43
10 76 91
3 58 66
1 100 105
2 1 4
9 45 58
9 82 95
6 60 68
6 14 26
8 0 8
5 68 81
6 24 31
6 24 40
5 94 106
7 89 106
2 36 41
4 61 71
8 19 28
6 93 103
7 38 52
3 29 40
9 63 79
2 11 21
6 73 87
3 62 65
10 29 48
2 26 34
7 80 93
9 100 118
1 83 89
9 41 53
6 57 64
2 0 7
3 98 109
2 0 2
10 90 108
4 27 37
8 21 33
6 30 39
2 7 14
5 1 10
2 27 33
4 58 70
3 36 42
6 12 18
5 25 35
4 45 52
8 92 108
6 72 83
2 72 79
8 15 24
10 98 118
6 22 37
6 82 93
1 85 88
5 86 94
2 83 91
4 29 33
3 76 84
1 42 53
9 11 21
1 82 84
2 10 13
2 61 66
1 8 18
2 97 105
6 24 40
10 79 92
8 59 68
9 29 41
4 79 91
2 96 98
4 90 104
7 26 40
6 41 48
2 23 26
8 99 116
2 13 16
2 21 25
10 95 107
7 34 41
10 92 107
8 10 26
6 53 67
6 17 28
1 89 95
6 84 96
6 94 105
3 65 73
3 67 80
1 35 43
8 26 44
2 89 91
7 48 57
10 93 110
5 87 100
2 79 81
8 14 25
5 17 29
9 40 58
1 4 15
6 88 101
1 34 44
10 78 96
6 46 56
6 85 92
8 64 77
7 97 114
1 30 40
5 38 43
4 94 104
10 77 87
4 29 37
9 25 39
8 39 53
4 20 27
2 9 16
9 96 113
10 100 117
6 87 95
8 95 105
10 1 14
7 21 37
4 73 84
1 60 63
6 80 87
2 17 19
3 61 73
1 73 74
2 37 41
4 74 83
1 94 101
8 43 57
8 41 49
1 18 23
9 33 51
7 66 83
1 45 53
4 64 70
2 60 68
1 87 97
10 63 74
7 29 43
2 25 31
6 33 47
9 44 58
10 43 54
9 19 28
2 29 32
1 28 37
3 13 16
4 80 91
5 94 102
4 47 61
7 8 19
