250
9 92 109
4 3 11
8 57 73
10 57 76
3 93 97
3 15 19
5 31 43
7 21 31
10 29 45
2 53 59
1 85 94
5 68 80
3 32 42
9 74 87
4 41 46
3 65 75
5 22 35
4 72 77
3 33 38
3 23 28
1 62 71
10 76 89
8 39 47
7 95 103
10 32 45
5 66 80
1 80 90
9 30 44
9 11 26
7 88 105
6 45 51
5 34 47
3 93 106
9 38 50
6 65 81
10 31 46
2 30 34
2 21 28
7 5 14
3 24 36
6 71 84
6 18 26
8 3 19
5 46 57
2 43 49
1 2 8
3 14 26
10 43 63
7 66 82
7 28 35
6 54 70
6 37 50
4 58 68
4 1 5
10 34 50
2 31 40
10 54 66
10 55 66
2 37 45
4 62 66
9 81 91
3 22 31
7 68 84
5 10 23
4 84 92
9 6 25
3 6 16
4 60 70
2 3 12
3 87 99
10 68 84
10 89 108
8 33 43
1 92 100
6 62 72
6 81 96
5 60 69
5 18 26
3 94 107
10 41 56
3 27 35
5 8 18
8 31 40
5 68 79
9 75 85
3 20 27
2 88 92
1 85 88
2 57 67
8 84 98
10 18 34
2 65 77
9 48 59
2 65 71
7 16 28
9 49 65
8 55 70
5 91 98
4 37 41
2 93 98
3 95 105
9 8 19
2 50 61
7 3 17
3 1 6
9 58 74
6 94 104
4 61 66
4 77 81
3 49 57
7 75 92
2 31 38
8 74 90
10 51 63
10 20 40
7 13 20
1 73 84
4 77 88
10 5 19
9 58 75
10 33 43
10 1 17
5 48 56
7 85 97
4 82 88
7 70 86
9 16 34
8 12 27
3 16 23
1 80 85
5 93 104
4 65 79
5 61 70
8 40 50
2 23 29
3 61 70
8 0 14
7 26 41
9 46 62
5 49 54
8 17 29
6 5 12
4 32 37
10 89 102
5 76 85
8 54 68
3 41 46
9 86 96
9 71 83
6 100 111
8 39 54
2 93 95
3 13 19
9 18 37
3 36 42
2 100 106
7 56 71
2 51 58
9 35 52
4 75 86
5 45 56
6 92 104
10 32 48
4 50 63
7 62 75
2 77 83
5 4 19
10 93 103
7 43 54
5 33 41
5 99 109
6 40 48
9 5 18
10 83 102
1 21 25
8 23 41
7 10 26
1 33 42
1 26 34
10 46 66
10 54 68
10 57 73
6 63 74
4 33 38
10 56 71
7 10 20
2 39 49
1 0 10
2 83 91
1 36 37
5 91 99
10 76 91
5 30 42
3 72 80
4 86 94
5 36 50
3 81 85
7 100 113
1 17 22
1 52 58
7 16 27
9 40 50
4 14 25
3 58 69
6 60 66
6 24 40
3 51 57
10 54 64
9 50 62
9 47 60
8 25 40
6 3 12
1 91 96
2 36 40
10 98 116
2 48 54
6 47 56
2 89 98
3 90 94
10 34 51
8 12 25
1 62 64
8 24 41
7 81 89
3 80 90
3 16 19
8 81 99
4 25 31
6 73 88
1 92 98
1 95 101
1 2 10
9 91 109
4 95 106
9 43 54
3 5 13
9 38 53
8 96 110
1 11 15
5 4 9
3 50 53
8 52 68
6 74 83
3 68 73
2 1 13
7 9 19
3 17 22
8 15 29
9 9 23
1 31 42
