150
10 73 92
3 67 79
1 73 78
10 93 108
1 53 56
6 8 22
9 28 42
9 77 90
10 26 46
2 48 57
9 22 31
9 25 42
10 100 114
5 50 60
8 85 94
6 46 61
5 64 70
10 3 18
8 77 89
8 71 82
9 25 38
6 95 102
9 95 113
9 3 16
2 33 36
9 25 34
5 56 66
5 37 43
8 25 36
4 94 100
6 82 90
5 68 80
1 85 91
9 6 25
7 95 106
1 49 51
3 33 44
2 54 65
3 82 94
2 0 7
7 30 38
2 25 30
3 62 72
5 37 47
7 100 117
7 52 59
6 27 33
4 15 22
2 87 97
8 43 61
9 89 103
8 74 92
8 38 54
9 22 31
4 86 90
5 40 48
2 22 32
10 34 50
10 65 85
5 1 16
8 95 105
5 35 48
1 77 86
8 18 32
4 31 38
3 38 42
1 95 103
8 60 76
1 37 48
6 60 66
7 9 22
8 24 42
7 47 55
7 77 93
1 9 18
5 1 11
7 28 41
5 46 51
4 96 101
2 80 82
4 56 70
7 42 55
3 84 89
9 12 30
6 41 47
7 67 82
5 31 36
3 23 35
3 86 89
8 74 90
10 19 29
8 11 21
6 1 7
5 69 84
5 60 65
8 2 17
5 40 46
10 29 44
10 37 53
6 81 94
5 32 38
6 8 17
10 1 14
3 12 15
1 57 61
7 34 48
5 59 73
9 2 20
2 39 50
8 6 22
8 40 56
2 56 63
10 54 72
2 87 99
2 47 58
2 6 9
7 63 70
10 51 61
6 48 57
7 70 85
3 73 86
5 81 89
8 35 46
7 21 28
1 50 54
5 30 44
10 16 28
9 32 49
5 51 62
4 25 34
7 28 38
6 28 40
4 19 23
5 76 83
3 22 33
7 100 116
1 15 23
9 30 46
4 20 30
9 7 16
6 12 18
9 19 34
5 72 81
4 71 81
9 12 26
10 72 82
3 4 7
2 19 30
3 60 70
10 93 111
