500
7 59 76
8 22 34
6 10 20
5 73 82
9 11 25
1 47 48
3 6 12
8 7 23
8 74 86
1 67 75
4 66 73
4 39 53
4 26 33
7 89 97
7 88 102
2 42 46
9 100 117
6 64 70
2 98 103
8 57 66
6 1 10
3 14 23
9 45 61
4 88 98
4 71 80
3 21 31
7 5 20
9 22 39
7 39 56
9 60 69
1 71 75
2 86 91
4 79 84
4 50 58
4 56 63
9 68 82
6 59 68
10 26 36
9 32 47
1 98 109
1 72 77
6 45 51
2 5 13
9 91 105
2 99 110
1 77 88
9 7 18
7 55 64
4 39 49
7 6 21
2 49 60
6 80 95
3 68 72
4 5 18
3 74 84
6 14 20
4 63 68
5 76 88
9 64 77
9 90 104
7 45 52
9 96 107
2 70 73
8 83 98
3 43 54
4 35 48
7 49 61
4 73 85
8 4 21
4 46 55
3 0 11
5 92 101
10 27 47
10 26 39
7 83 93
4 86 99
3 64 74
3 58 64
2 100 112
4 28 32
4 45 59
1 99 108
4 38 47
2 67 79
8 45 61
10 54 74
6 56 66
9 57 69
5 47 55
6 67 73
9 27 41
4 53 59
3 43 48
4 84 97
7 48 59
9 74 83
9 29 46
6 0 14
5 40 53
2 75 78
5 14 22
6 4 19
4 4 12
5 18 32
2 16 21
3 77 86
2 58 60
6 80 94
7 20 30
3 62 75
8 46 61
1 0 11
10 93 111
2 36 41
4 27 41
9 9 27
5 35 41
2 72 81
6 27 36
2 77 87
4 21 28
3 97 108
5 10 16
5 39 54
6 69 83
9 28 43
6 40 48
1 48 56
6 70 86
2 24 30
7 49 62
7 57 74
9 0 9
9 99 112
2 38 47
9 65 74
5 78 88
2 38 46
6 16 31
1 74 75
5 37 43
5 18 32
9 0 12
4 42 47
10 37 50
1 9 12
4 65 69
6 18 28
2 89 97
6 69 78
9 100 112
3 59 62
10 76 87
1 29 33
7 41 54
3 81 85
3 31 40
4 43 55
3 78 86
7 29 46
4 72 82
1 94 102
10 95 112
3 0 11
5 2 13
4 50 63
8 76 93
2 38 42
4 63 76
4 39 46
1 80 83
8 60 75
1 81 83
10 6 23
10 3 22
8 96 108
1 58 67
4 91 99
10 68 79
6 50 57
4 48 59
6 72 81
5 38 45
7 48 65
10 19 37
6 77 92
4 94 108
8 96 110
10 49 66
2 32 34
10 72 86
7 20 35
3 34 39
1 100 108
8 49 60
10 31 51
10 49 59
8 25 34
6 43 49
7 21 37
4 79 84
9 86 96
3 60 65
7 42 51
3 34 38
1 12 18
2 63 74
8 97 115
5 56 71
10 85 104
3 65 76
7 74 83
2 65 69
1 0 9
5 73 79
9 75 90
1 16 17
6 6 13
10 65 83
5 99 104
4 90 104
5 58 63
1 81 82
5 42 49
9 23 33
2 36 43
4 89 95
8 39 48
8 70 81
3 27 36
4 72 83
5 38 46
3 60 71
4 59 66
2 11 22
10 73 88
8 30 42
1 68 79
9 76 85
1 42 44
3 27 37
10 44 59
4 71 77
7 59 72
4 16 24
9 89 102
9 0 11
3 7 13
2 36 48
10 34 51
9 74 90
8 94 107
8 72 83
5 73 86
4 31 35
8 8 21
9 51 60
1 11 15
10 95 109
9 11 27
10 77 97
6 38 53
10 90 104
4 96 107
2 56 65
4 95 104
1 60 64
3 47 51
6 82 88
3 22 29
1 29 34
3 90 95
4 76 90
7 77 85
5 87 98
5 69 79
2 73 84
3 81 92
4 55 69
4 12 23
7 46 59
1 92 93
6 91 104
7 34 47
8 24 36
7 61 75
9 69 87
8 18 27
8 40 57
8 18 36
2 87 89
7 9 19
6 27 34
9 3 19
3 93 103
10 94 112
8 65 81
10 89 101
1 76 81
6 64 77
4 73 79
7 40 47
4 35 48
1 86 92
10 36 46
10 79 98
7 61 75
7 67 82
9 46 55
3 19 28
1 75 84
3 33 36
10 32 42
1 53 55
4 66 71
5 99 108
1 47 49
10 89 106
5 26 39
5 97 111
2 63 72
8 53 71
7 44 54
5 70 75
7 42 53
10 71 82
9 8 26
7 93 104
7 5 13
6 27 39
8 56 65
5 29 36
6 16 26
3 87 94
6 91 105
2 68 74
8 8 17
9 19 34
7 97 104
6 6 14
7 37 46
10 100 114
7 16 30
4 10 24
7 86 99
9 78 90
1 74 82
10 4 24
2 7 19
1 48 56
8 67 77
5 75 87
1 72 74
8 23 34
7 2 19
6 64 76
8 19 36
3 1 4
6 79 90
7 14 27
10 25 36
10 24 44
8 13 27
1 26 35
3 75 86
4 47 53
3 30 42
2 80 87
5 42 49
1 71 80
6 90 97
4 33 37
5 19 29
7 71 81
4 68 80
2 60 68
2 73 76
7 30 47
4 99 111
1 7 16
4 80 86
4 100 106
2 42 50
6 82 92
10 72 84
7 91 100
6 81 90
1 43 46
4 52 58
7 96 112
10 7 22
7 94 107
3 46 58
2 24 36
8 40 56
5 16 25
5 76 88
4 97 103
8 41 52
5 87 92
2 7 18
8 95 113
9 87 100
1 81 88
5 54 66
2 94 96
9 42 57
1 8 11
7 8 23
2 4 15
3 75 80
1 51 57
5 60 69
4 67 72
10 94 104
8 82 92
9 57 71
3 6 19
1 69 79
7 100 113
8 23 37
2 2 4
8 42 60
2 3 13
4 51 57
10 37 50
2 86 98
3 47 54
10 23 41
4 3 9
1 52 61
10 58 77
5 50 61
8 86 102
2 6 14
7 30 40
9 12 29
6 86 93
1 27 30
8 59 77
1 42 53
5 8 13
5 98 107
1 69 79
7 7 16
4 34 44
8 32 41
2 6 8
4 65 77
6 27 43
1 69 72
8 70 80
4 5 12
10 49 62
4 39 46
2 5 13
2 5 12
4 41 47
10 18 37
3 98 107
4 98 104
2 2 4
4 40 44
9 5 19
2 45 50
9 17 35
8 15 23
7 99 110
5 49 62
4 62 73
3 22 30
3 39 49
2 74 76
2 20 32
10 62 75
2 99 109
7 30 37
6 72 83
3 70 74
6 27 40
3 68 79
4 65 77
7 20 33
1 44 49
4 93 103
5 83 96
2 75 82
1 13 21
9 86 101
1 7 14
2 47 58
7 35 50
10 93 109
10 39 50
8 55 71
1 49 51
6 15 31
9 58 67
3 14 17
6 9 25
