450
3 6 9
7 66 76
1 85 93
10 10 21
5 50 59
4 16 27
4 59 67
9 94 106
1 61 63
5 28 42
5 70 78
10 65 76
1 70 80
2 72 77
5 2 10
3 7 10
1 82 93
3 77 88
2 59 67
4 14 21
6 64 79
5 47 57
6 7 20
10 82 92
5 76 89
4 72 83
8 78 95
9 84 96
1 67 76
4 46 57
6 19 29
3 72 84
9 80 94
3 59 69
6 50 65
3 9 13
8 79 88
10 30 46
4 11 23
9 64 73
9 20 29
7 9 18
6 41 54
8 92 104
7 4 14
10 22 35
3 6 9
2 72 81
9 88 103
3 0 6
2 1 12
3 29 38
6 72 82
9 51 65
4 67 74
8 73 91
4 1 5
6 81 94
9 94 113
1 69 70
9 85 96
1 38 39
2 37 45
2 17 19
9 5 20
2 32 37
4 59 67
6 60 67
8 97 106
10 92 110
5 49 64
5 92 103
10 5 23
4 87 92
7 10 25
5 71 80
9 79 92
9 35 48
9 52 67
3 47 50
1 96 98
4 64 71
1 73 84
9 5 17
8 31 39
1 0 2
10 75 88
5 62 72
5 87 93
7 87 98
9 13 32
2 44 52
1 10 12
5 11 19
5 93 105
6 15 30
2 82 94
3 24 29
6 6 22
2 75 86
5 49 55
3 35 39
9 89 99
3 40 44
4 6 15
5 81 96
2 77 84
10 17 36
3 72 79
7 74 85
4 89 99
10 96 108
7 29 38
5 67 81
6 5 17
3 8 19
2 16 22
10 56 68
5 14 21
5 57 62
2 66 71
7 51 63
10 72 88
5 20 27
3 76 88
8 64 75
3 67 79
1 36 37
9 62 81
9 42 51
9 64 77
10 66 78
4 28 41
4 51 60
9 74 83
1 98 104
9 75 87
3 47 52
1 46 56
7 27 38
2 15 26
5 30 39
10 19 33
6 1 12
5 59 68
1 11 17
5 79 93
4 44 54
3 15 22
1 25 26
5 58 64
1 97 106
10 45 65
2 78 84
3 85 88
6 38 53
4 11 23
9 14 30
9 81 97
6 32 41
10 20 34
6 40 50
2 14 18
1 47 55
7 48 60
10 51 63
4 97 104
5 20 32
9 36 53
10 88 101
8 36 54
6 51 66
4 86 90
6 78 88
3 78 87
9 24 38
10 31 42
9 61 74
2 5 11
2 87 94
10 73 88
7 4 11
10 100 119
4 8 15
4 44 55
9 16 27
10 79 93
5 80 87
9 73 88
9 79 98
9 81 90
8 46 63
2 14 19
6 65 73
7 96 103
2 11 16
4 38 49
1 48 57
8 2 17
6 95 111
3 63 76
2 75 78
9 81 98
10 67 77
10 28 46
10 10 28
9 42 60
4 24 37
4 17 22
1 94 99
1 83 90
2 30 38
1 55 62
8 44 57
6 97 106
4 4 9
1 66 72
3 25 33
8 60 69
6 4 13
2 13 15
9 97 116
10 76 92
6 4 14
7 70 79
5 84 93
4 63 77
5 71 77
9 63 72
7 93 101
3 41 45
8 37 47
9 45 60
7 38 54
10 85 99
8 12 20
5 74 82
4 38 52
1 58 69
5 65 74
6 51 57
8 40 49
3 11 22
9 42 52
9 64 82
1 13 21
2 48 55
9 57 72
3 55 65
3 68 80
10 26 39
10 30 49
8 65 81
9 18 37
5 97 106
5 73 86
7 13 23
10 87 102
10 13 27
7 10 18
1 0 10
4 66 70
5 50 56
8 39 52
1 71 79
9 1 14
7 56 67
1 30 33
6 31 37
4 40 44
10 68 87
2 11 17
6 60 72
2 66 78
10 24 42
3 65 69
6 25 40
4 48 58
2 6 10
6 81 87
1 7 14
3 47 59
10 63 83
5 31 37
2 28 30
4 8 15
10 80 95
3 0 10
1 26 36
2 53 64
7 37 51
8 61 71
2 64 69
10 15 26
9 90 106
6 10 18
1 1 12
10 77 91
3 29 33
3 72 84
1 93 95
10 6 26
2 22 28
3 36 47
7 20 34
1 90 96
6 96 104
6 91 104
5 12 27
7 21 34
6 37 51
4 28 40
4 98 109
7 8 16
6 27 43
6 75 84
4 95 101
7 38 52
10 5 16
4 80 94
1 31 42
4 52 62
3 6 10
10 48 67
8 82 90
1 9 11
5 50 63
2 86 96
8 13 31
8 1 9
7 43 50
2 26 29
4 49 63
9 27 37
2 60 66
3 31 43
10 2 21
4 75 81
4 36 41
4 83 93
3 62 74
6 20 32
6 53 61
8 54 69
5 9 20
4 33 47
9 97 106
3 39 51
8 58 68
8 64 80
2 95 101
2 35 40
1 82 87
7 87 98
1 97 100
5 51 63
10 59 76
5 7 18
9 0 18
3 30 33
7 90 105
1 92 101
7 62 69
3 93 104
6 42 49
6 4 11
9 83 99
10 62 73
1 66 71
9 35 53
8 77 90
3 10 15
1 6 7
8 42 52
4 18 29
4 50 60
4 3 15
9 34 45
6 95 111
7 25 42
4 38 48
10 1 19
10 81 101
10 27 39
7 46 58
3 47 53
9 65 76
2 44 50
5 39 54
2 49 58
7 40 50
1 100 109
1 17 21
5 38 52
6 55 68
8 19 27
8 66 78
1 91 95
9 84 100
7 45 58
1 98 100
3 45 55
2 55 65
6 60 70
7 7 17
4 7 18
5 23 32
6 60 68
6 54 70
9 90 103
1 26 35
8 31 43
8 22 30
2 39 48
8 11 19
3 97 102
2 34 40
3 50 53
8 11 22
8 75 92
2 53 62
1 95 102
5 59 66
1 52 57
8 56 65
9 96 111
1 74 81
3 56 64
5 63 70
9 83 93
9 91 106
5 58 63
7 39 49
3 37 45
6 1 10
2 74 78
2 83 90
6 2 9
6 54 62
8 95 107
7 30 47
2 81 88
4 99 110
3 29 42
10 48 59
3 76 88
3 6 18
8 73 83
8 7 21
7 42 56
