200
10 77 92
4 69 77
3 4 9
1 41 51
5 95 100
5 79 91
6 56 70
6 55 67
6 75 81
8 49 61
8 4 17
5 27 36
4 9 22
7 1 8
6 66 74
10 15 28
2 71 78
6 31 46
6 2 14
6 63 76
10 22 37
8 56 69
10 28 41
4 89 98
5 46 51
5 76 88
9 50 59
2 60 71
3 94 107
2 19 30
4 24 35
2 51 56
6 5 15
7 81 96
9 64 83
6 59 74
7 6 13
5 29 38
8 45 62
10 70 84
2 4 14
5 71 83
9 20 31
1 80 83
9 16 32
3 67 73
3 85 95
1 43 54
10 35 51
9 35 46
1 44 50
5 26 33
1 57 58
2 43 55
10 86 100
1 61 67
5 96 110
2 12 21
10 38 48
4 63 73
3 61 65
8 37 46
2 99 109
2 2 7
8 73 91
7 30 41
3 84 90
1 18 26
2 27 34
7 16 32
1 61 62
2 86 91
5 21 31
10 16 29
7 91 105
6 25 41
9 94 113
1 48 50
6 84 92
6 58 66
2 100 108
8 44 58
4 68 74
3 12 15
7 66 78
3 28 34
1 55 59
4 85 92
3 90 98
1 92 95
2 82 91
5 50 55
5 97 112
7 9 17
4 6 11
3 1 9
8 47 56
6 89 105
8 23 38
9 41 58
9 85 102
4 95 107
10 14 34
2 30 33
9 59 72
4 70 80
8 15 28
7 1 16
6 82 96
8 29 38
6 12 25
3 81 85
3 33 43
6 71 77
8 45 54
9 61 77
4 55 61
8 97 106
4 41 49
6 33 48
4 62 75
9 63 81
1 6 16
10 52 65
10 41 61
8 12 28
1 16 18
8 74 92
7 32 46
7 3 13
5 5 20
9 77 95
2 96 100
10 12 22
5 92 101
7 90 101
2 56 68
5 67 73
9 64 82
8 15 27
1 59 69
9 91 102
2 100 110
3 78 81
3 77 85
3 36 42
5 4 18
8 3 18
3 45 53
2 21 31
2 23 34
2 55 63
6 92 101
1 88 92
5 27 33
5 46 56
2 37 39
9 30 45
3 93 105
7 35 52
8 5 22
1 40 47
2 56 63
2 91 100
1 66 69
5 45 56
6 71 87
1 31 38
8 54 72
1 1 8
6 93 107
10 47 59
5 96 101
7 71 84
5 13 28
5 90 95
9 45 55
5 68 76
5 82 95
6 3 9
8 40 57
5 62 77
3 77 89
5 17 29
5 37 45
10 37 54
6 98 113
6 31 39
10 12 26
6 55 61
3 5 15
9 23 34
8 31 44
3 76 79
4 16 22
2 30 33
7 68 79
2 77 86
1 19 24
2 61 73
