350
5 23 33
10 90 104
1 20 27
9 97 111
7 13 30
2 54 61
6 75 90
7 34 51
6 51 67
4 100 104
3 69 74
2 57 59
4 95 105
6 35 44
3 47 59
4 44 55
10 85 100
10 46 57
2 7 19
6 91 103
2 72 81
10 58 74
2 47 49
6 68 77
3 31 44
6 5 13
2 50 53
5 77 91
5 74 86
1 41 42
5 89 100
8 93 104
6 22 31
3 61 73
1 21 24
10 62 72
3 54 58
3 55 63
2 77 86
10 52 62
4 55 60
2 14 19
2 44 53
6 59 68
6 35 48
10 40 51
2 26 33
7 42 51
2 24 29
1 26 27
4 77 82
10 66 82
9 9 18
7 89 97
9 8 25
1 71 76
2 79 82
1 34 41
6 12 22
3 88 95
8 24 38
8 33 45
3 41 52
9 67 82
8 19 27
1 68 72
2 7 16
4 50 60
9 66 76
2 100 111
8 57 73
3 92 101
8 32 45
4 99 104
9 49 66
9 92 111
7 2 14
3 33 45
10 84 94
4 71 79
10 67 83
5 18 31
8 34 50
7 18 33
2 94 103
8 23 39
9 24 38
1 25 33
4 33 44
7 49 59
9 87 101
8 43 55
1 48 49
2 17 28
7 45 59
5 13 24
5 15 30
3 99 112
4 92 102
7 64 75
9 76 87
10 39 49
1 33 43
2 76 86
3 22 27
2 25 30
3 98 109
1 90 95
5 54 66
10 18 37
4 43 49
4 39 52
3 8 13
5 16 26
2 57 62
5 11 21
7 69 84
4 66 71
4 92 104
7 86 93
7 46 54
10 75 89
8 38 53
1 84 94
5 30 42
4 40 48
7 68 79
2 87 94
7 81 96
8 79 97
1 13 17
9 90 107
8 28 45
7 32 39
10 34 45
10 75 87
1 4 13
10 44 60
6 59 67
2 97 108
10 83 94
8 67 79
10 86 105
9 88 105
7 6 20
8 27 42
3 5 8
1 41 50
3 68 72
8 75 85
4 4 15
2 51 57
5 76 85
1 53 60
3 95 107
4 47 60
5 92 106
4 14 23
2 58 67
10 38 58
3 93 104
5 66 71
8 15 26
6 6 19
5 80 92
6 55 63
4 71 81
10 16 32
8 28 39
5 39 44
7 62 77
7 5 18
1 29 31
3 96 109
2 0 5
2 46 53
7 56 73
3 97 107
2 39 50
3 52 56
3 68 73
7 67 74
6 97 104
7 93 106
6 25 37
5 46 58
7 99 115
2 84 94
5 55 68
2 88 91
5 49 58
9 13 26
5 22 32
1 27 33
8 92 105
8 46 58
6 74 83
6 4 10
8 8 24
6 41 56
5 30 43
6 13 28
8 67 83
9 57 75
4 32 37
6 62 74
2 17 22
9 0 14
10 45 62
5 90 105
1 83 89
5 67 72
8 79 90
10 53 63
10 11 22
9 75 88
9 64 83
8 100 113
4 78 82
8 45 55
5 74 88
10 66 77
1 93 97
5 53 64
7 7 23
3 72 79
1 75 76
5 53 68
10 73 89
8 61 77
9 71 89
6 18 33
9 67 80
3 51 59
9 56 74
1 92 103
2 37 39
5 96 101
10 38 48
10 97 113
6 98 111
8 38 56
7 35 48
1 90 95
10 96 114
6 82 89
9 24 43
3 11 15
1 4 5
4 46 54
4 12 16
2 61 63
8 0 17
5 3 16
1 44 49
2 95 99
3 59 64
1 70 75
6 20 27
5 6 11
2 50 52
7 13 26
8 90 107
10 40 55
5 89 99
8 16 31
6 62 70
10 96 116
1 76 86
8 30 41
5 97 104
8 4 17
4 16 28
1 21 25
2 3 15
2 52 54
1 79 83
4 91 104
2 70 75
4 61 73
7 81 97
3 75 79
1 7 10
9 14 29
5 55 67
2 31 40
1 32 42
4 73 77
9 44 60
3 87 96
3 14 22
9 21 39
3 42 52
1 11 21
10 84 102
3 68 74
4 40 53
9 43 59
7 76 92
3 40 45
5 59 64
6 76 87
7 26 39
9 40 51
5 95 108
3 60 67
6 63 78
8 76 91
2 16 27
3 63 73
6 29 42
1 0 6
1 20 28
9 95 112
2 2 9
9 34 49
9 88 106
7 98 111
5 65 75
8 26 42
4 75 82
3 53 64
1 10 21
2 98 110
6 39 50
2 12 17
4 78 88
9 13 22
6 82 88
1 21 25
4 92 97
3 17 20
8 80 93
10 7 22
7 10 26
8 21 29
2 36 46
9 42 57
5 21 35
10 63 78
2 43 47
2 84 96
10 91 102
10 32 49
5 3 14
3 91 94
8 67 79
6 41 51
8 72 81
8 5 19
