100
5 73 85
7 95 107
4 89 95
3 6 17
3 15 19
10 70 87
4 69 74
9 72 89
4 34 42
10 56 74
4 74 84
7 92 99
9 36 48
8 7 19
8 85 103
6 69 81
9 74 83
10 91 110
9 9 21
4 87 94
3 51 60
7 76 85
8 77 86
8 30 46
4 47 59
9 9 19
7 6 15
7 58 68
10 45 65
1 64 75
1 59 64
7 7 17
6 76 82
6 93 105
2 53 57
5 56 64
4 10 19
10 63 79
5 87 101
2 23 34
6 69 77
4 66 72
7 79 94
8 58 73
9 39 57
3 45 53
9 62 71
4 80 86
7 44 61
5 1 12
3 61 74
1 48 53
7 24 36
6 54 64
3 12 24
6 32 41
5 51 59
1 88 89
2 55 62
10 77 94
4 28 40
6 80 89
4 46 60
7 52 59
10 7 24
6 79 88
5 69 82
6 55 66
4 92 99
6 36 42
3 78 84
2 42 50
10 67 84
2 31 34
1 77 83
7 75 84
7 37 50
6 52 60
7 57 68
9 27 45
4 17 26
1 77 82
3 69 79
5 34 48
6 16 22
4 73 84
8 67 78
7 24 38
7 50 57
7 55 64
10 1 19
6 98 114
6 81 89
3 54 64
1 85 91
5 28 37
6 2 10
3 28 31
3 92 100
7 48 57
